50908179
53757090
51650146
53312990
52543820
51121192
53791021
53411105
50390353
50426119
52678748
51355964
50772941
50453739
53305689
53151370
50451906
53408137
53753717
50450168
50903845
51630144
52543830
50448711
51875613
53149109
50908290
53789418
50390302
53141953
51467424
50907293
50393037
53353706
50222530
52626830
51118447
50906360
54143165
50899965
50772896
53309241
51120564
50456033
51928720
53152580
51122312
52416174
51875261
50220240
53309281
53797919
51789527
50780674
51179373
51937109
53310407
53758338
53752557
53141945
50756050
50219939
52617476
53147741
52679598
51652158
53006240
53757057
51458000
53150391
53757103
53009638
54083694
50508761
51170508
50221860
50425924
51457973
54081994
53353661
50763824
51936158
51057928
53012424
50220778
50399442
53353651
50446596
50766394
51057700
51936223
53357561
50426410
53310325
53306552
51057826
50780678
52414918
52619118
53411120
50897942
52593780
54079505
50764673
54088857
50396530
52679642
53804720
50908213
53408117
54088824
53804709
51063624
53794854
50903768
54147640
52405039
